NOTES:
Position 0-21 do not change.
Position 21 indicates current iteration, mirrors incoming AVCTRL ITER.



RAW HEX:
0  1  2  3  4  5  6  7  8  9  10 11 12 13 14 15 16 17 18 19 20 21 22 23 24 25 26 27 28 29 30 31 32 33 34 35 36 37 38 39 40 41 42 43 44 45 46 47 48 49 50 51 52 53 54 55 56 
18 00 00 00 13 00 00 00 00 00 00 08 00 01 00 00 00 02 00 00 00 01 00 00 00 04 00 00 00 00 00 00
18 00 00 00 13 00 00 00 00 00 00 08 00 01 00 00 00 02 00 00 00 02 00 00 00 04 00 00 00 00 00 00
18 00 00 00 13 00 00 00 00 00 00 08 00 01 00 00 00 02 00 00 00 03 00 00 00 04 00 00 00 00 00 00
18 00 00 00 13 00 00 00 00 00 00 08 00 01 00 00 00 02 00 00 00 04 00 00 00 10 00 00 00 00 00 00 00 00 00 08 31 30 2E 30 2E 30 2E 38
18 00 00 00 13 00 00 00 00 00 00 08 00 01 00 00 00 02 00 00 00 05 00 00 00 04 00 00 00 00 00 00
18 00 00 00 13 00 00 00 00 00 00 08 00 01 00 00 00 02 00 00 00 06 00 00 00 08 00 00 00 00 00 01 70 17 FE 40
18 00 00 00 13 00 00 00 00 00 00 08 00 01 00 00 00 02 00 00 00 07 00 00 00 08 00 00 00 00 00 00 23 0A 35 E2
18 00 00 00 13 00 00 00 00 00 00 08 00 01 00 00 00 02 00 00 00 08 00 00 00 04 00 00 00 00 00 00
18 00 00 00 13 00 00 00 00 00 00 08 00 01 00 00 00 02 00 00 00 09 00 00 00 04 00 00 00 00 00 00
18 00 00 00 13 00 00 00 00 00 00 08 00 01 00 00 00 02 00 00 00 0A 00 00 00 04 00 00 00 00 00 00
18 00 00 00 13 00 00 00 00 00 00 08 00 01 00 00 00 02 00 00 00 0B 00 00 00 04 00 00 00 00 00 00
18 00 00 00 13 00 00 00 00 00 00 08 00 01 00 00 00 02 00 00 00 0C 00 00 00 04 00 00 00 00 00 00
