NOTES:
0-12 do not change.
13 indicates current iteration, incrementing by one each time.
14-16 do not change (3 bytes).
17 unknown.
18-20 do not change (3 bytes).
21 unknown.
22-24 do not change (3 bytes).
25 holds byte count of transmitted data.
26-27 do not change (2 bytes).
28+ transmitted data.


RAW HEX:
0  1  2  3  4  5  6  7  8  9  10 11 12 13 14 15 16 17 18 19 20 21 22 23 24 25 26 27 28 29 30 31 32 33 34 35 36 37 38 39 40 41 42 43 44 45 46 47 48 49 50 51 52 53 54 55 56 57 58 59 60 61 62 63
00 00 00 10 00 01 00 00 00 01 00 00 00 01 00 00 00 00 00 00 00 00 00 00 00 24 00 00 18 C7 C7 08 C5 29 46 39 A8 46 58 47 F3 1B 1E 83 60 1D F4 77 89 B6 43 B4 95 BC 50 E8 DF EF 12 EB 00 00 00 01
00 00 00 10 00 01 00 00 00 01 00 00 00 02 00 00 00 00 00 00 00 00 00 00 00 24 00 00 07 7B FD 3A 70 28 49 13 BD 14 53 96 3D C3 77 54 1E EE DA 73 2B 68 4D 6F 80 41 52 33 6C F4 60 72 00 00 00 02
00 00 00 10 00 01 00 00 00 01 00 00 00 03 00 00 00 00 00 00 00 00 00 00 00 24 00 00 B7 07 AF 79 CA 99 42 D1 8C 60 46 9F E1 12 00 1E 8E F8 26 07 91 29 42 F6 95 1C 93 65 AD 68 BD F7 00 00 00 03
00 00 00 10 00 01 00 00 00 01 00 00 00 04 00 00 00 02 00 00 00 00 00 00 00 12 00 00 00 00 00 0E 58 73 70 48 6F 73 74 41 64 64 72 65 73 73
00 00 00 10 00 01 00 00 00 01 00 00 00 05 00 00 00 02 00 00 00 00 00 00 00 12 00 00 00 00 00 0E 58 73 70 48 6F 73 74 41 64 64 72 65 73 73
00 00 00 10 00 01 00 00 00 01 00 00 00 06 00 00 00 02 00 00 00 03 00 00 00 0F 00 00 00 00 00 07 49 73 4D 75 74 65 64 00 00 00
00 00 00 10 00 01 00 00 00 01 00 00 00 07 00 00 00 01 00 00 00 08 00 00 00 20 00 00 14 9D 05 9F 0B CE 4B 0F FD FF 06 34 0F 68 84 A8 6D 72 A6 15 CA 26 44 20 95 AC 4E 46 95 99 10 15
00 00 00 10 00 01 00 00 00 01 00 00 00 08 00 00 00 01 00 00 00 00 00 00 00 66 00 00 00 00 00 5A 72 74 73 70 3A 2F 2F 31 30 2E 31 2E 31 2E 35 3A 35 35 34 2F 4D 63 78 44 4D 53 2F 4D 63 78 33 2D 57 49 4E 2D 37 2D 44 45 56 2D 30 32 2F 3F 6D 65 64 69 61 69 64 3D 64 66 36 66 63 66 36 36 2D 64 32 63 65 2D 34 30 37 64 2D 39 65 31 61 2D 35 64 39 32 34 33 65 39 62 32 33 37 00 00 00 00 00 00 75 30
00 00 00 10 00 01 00 00 00 01 00 00 00 09 00 00 00 01 00 00 00 05 00 00 00 00 00 00
00 00 00 10 00 01 00 00 00 01 00 00 00 0A 00 00 00 01 00 00 00 05 00 00 00 00 00 00
00 00 00 10 00 01 00 00 00 01 00 00 00 0B 00 00 00 01 00 00 00 02 00 00 00 1C 00 00 00 00 00 00 00 00 00 00 00 00 00 00 00 00 00 00 3F 80 00 00 00 00 00 00 35 B1 01 76
00 00 00 10 00 01 00 00 00 01 00 00 00 0C 00 00 00 01 00 00 00 05 00 00 00 00 00 00
00 00 00 10 00 01 00 00 00 01 00 00 00 0D 00 00 00 01 00 00 00 01 00 00 00 00 00 00