CallingConvention
dslrRequest = 1
dslrResponse = 2


Unknown Request
0-3 Payload Size (4 bytes).
4-5 ChildCount (2 bytes).
6-9 Dispatcher Request CallingConvention (Request Type) (4 bytes).
10-13 Dispatcher Request RequestHandle (4 bytes).
14-17 Dispatcher ServiceHandle (4 bytes).
18-21 Dispatcher FunctionHandle (4 bytes).
	22-25 CreateService Request Payload Size (4 bytes).
	26-27 CreateService Request ChildCount (2 bytes) - Should be "01" but is "00"
	28-43 
	44-59 
	60-63 

  Payload  | CC  | CallConv  |  ReqHand  | ServHand  | FuncHand  |  Payload  | CC  |
0  1  2  3  4  5  6  7  8  9  10 11 12 13 14 15 16 17 18 19 20 21 22 23 24 25 26 27 28 29 30 31 32 33 34 35 36 37 38 39 40 41 42 43 44 45 46 47 48 49 50 51 52 53 54 55 56 57 58 59 60 61 62 63
00 00 00 10 00 01 00 00 00 01 00 00 00 02 00 00 00 01 00 00 00 04 00 00 FD FF 00 00 00 01 00 01 00 00 00 4C 00 00 00 9B 00 00 00 01 00 00 00 02 00 00 00 02 00 00 00 03 00 00 00 03 00 00 00 02 00 00 00 04 00 00 00 02 00 00 00 05 00 00 00 02 00 00 00 06 00 00 00 03 00 00 00 07 00 00 00 02 00 00 00 08 00 00 00 03 00 00 00 09 00 00 00 02 00 00 00 0A 00 00 00 03 00 00 00 0B 00 00 00 03 00 00 00 0C 00 00 00 01 00 00 00 0D 00 00 00 01 00 00 00 0E 00 00 00 01 00 00 00 0F 00 00 00 02 00 00 00 10 00 00 00 01 00 00 00 11 00 00 00 01 00 00 00 12 00 00 00 01 00 00 00 13 00 00 00 01 00 00 00 14 00 00 00 01 00 00 00 15 00 00 00 01 00 00 00 16 00 00 00 01 00 00 00 17 00 00 00 03 00 00 00 18 00 00 00 01 00 00 00 19 00 00 00 01 00 00 00 1A 00 00 00 01 00 00 00 1B 00 00 00 02 00 00 00 1C 00 00 00 02 00 00 00 1D 00 00 00 02 00 00 00 1E 00 00 00 03 00 00 00 2B 00 00 00 01 00 00 00 2C 00 00 00 01 00 00 00 2D 00 00 00 00 00 00 00 2E 00 00 00 02 00 00 00 2F 00 00 00 01 00 00 00 30 00 00 00 03 00 00 00 31 00 00 00 03 00 00 00 32 00 00 00 03 00 00 00 33 00 00 00 00 00 00 00 34 00 00 00 03 00 00 00 35 00 00 00 03 00 00 00 36 00 00 00 03 00 00 00 37 00 00 00 03 00 00 00 38 00 00 00 03 00 00 00 39 00 00 00 03 00 00 00 3A 00 00 00 03 00 00 00 1F 00 00 00 01 00 00 00 20 00 00 00 01 00 00 00 21 00 00 00 01 00 00 00 22 00 00 00 01 00 00 00 23 00 00 00 01 00 00 00 24 00 00 00 01 00 00 00 25 00 00 00 01 00 00 00 26 00 00 00 01 00 00 00 27 00 00 00 01 00 00 00 28 00 00 00 01 00 00 00 29 00 00 00 01 00 00 00 2A 00 00 00 01 00 00 00 3B 00 00 00 03 00 00 00 3C 00 00 00 03 00 00 00 3D 00 00 00 03 00 00 00 3E 00 00 00 03 00 00 00 3F 00 00 00 03 00 00 00 40 00 00 00 03 00 00 00 41 00 00 00 03 00 00 00 42 00 00 00 03 00 00 00 43 00 00 00 03 00 00 00 44 00 00 00 03 00 00 00 45 00 00 00 03 00 00 00 46 00 00 00 03 00 00 00 47 00 00 00 03 00 00 00 48 00 00 00 03 00 00 00 49 00 00 00 03 00 00 00 4A 00 00 00 03 00 00 00 4B 00 00 00 03 00 00 00 4C 00 00 00 03 00 00 00 38 00 00 00 3E 00 00 00 1D 00 00 00 2A 00 00 00 14 00 00 00 1D 00 00 00 32 00 00 00 1D 00 00 00 17 00 00 00 1D 00 00 00 12 00 00 00 1D 00 00 00 2A 00 00 00 1F 00 00 00 1D 00 00 00 13 00 00 00 1D 00 00 00 2A 00 00 00 19 00 00 00 1D 00 00 00 19 00 00 00 1D 00 00 00 2A 00 00 00 30 00 00 00 1D 00 00 00 2A 00 00 00 21 00 01 00 10 00 01 00 19 00 01 00 6A 00 00 00 1D 00 00 00 20 00 01 00 48 00 01 00 50 00 01 00 4B 00 01 00 4D 00 00 00 1C 00 00 00 44 00 00 00 43 00 01 00 5B 00 00 00 38 00 00 00 1C 00 01 00 49 00 01 00 51 00 00 00 42 00 00 00 1D 00 00 00 18 00 00 00 1D 00 00 00 22 00 00 00 1D 00 00 00 14 00 00 00 1D 00 00 00 2A 00 00 00 32 00 00 00 01 00 00 00 1C 00 00 00 1D 00 00 00 1E 00 00 00 54 00 00 00 1D 00 00 00 2A 00 00 00 2C 00 00 00 1D 00 00 00 2A 00 00 00 3C 00 00 00 1D 00 00 00 2A 00 00 00 3D 00 00 00 1D 00 00 00 2A 00 00 00 22 00 00 00 1D 00 00 00 2A 00 00 00 1E 00 00 00 1D 00 00 00 38 00 00 00 14 00 00 00 1D 00 00 00 38 00 00 00 13 00 00 00 1D 00 00 00 38 00 00 00 22 00 00 00 1D 00 00 00 38 00 00 00 15 00 00 00 1D 00 00 00 38 00 00 00 30 01 00 00 31 01 00 00 32 01 00 00 33 01 00 00 34 01 00 00 35 01 00 00 36 01 00 00 37 01 00 00 38 01 00 00 39 01 00 00 30 01 00 00 2A 01 00 00 23 00 00 00 1D 00 00 00 2A 00 00 00 2E 00 00 00 1D 00 00 00 2A 00 00 00 23 00 00 00 1D 00 00 00 38 00 00 00 44 00 00 00 1D 00 00 00 38 00 00 00 57 00 00 00 1D 00 00 00 38 00 00 00 58 00 00 00 1D 00 00 00 2A 00 00 00 3B 00 00 00 1D 00 00 00 2A 00 00 00 3E 00 00 00 1D 00 00 00 2A 00 00 00 3F 00 00 00 1D 00 00 00 2A 00 00 00 40 00 00 00 1D 00 00 00 2A 00 00 00 41 00 00 00 1D 00 00 00 2A 00 00 00 42 00 00 00 1D 00 00 00 2A 00 00 00 43 00 00 00 1D 00 00 00 2A 00 00 00 44 00 00 00 1D 00 00 00 2A 00 00 00 57 00 00 00 1D 00 00 00 2A 00 00 00 58 00 00 00 1D 00 00 00 2A 00 00 00 31 00 00 00 1D 00 00 00 2A 00 00 00 20 00 00 00 1D 00 00 00 38 00 00 00 31 






